{
  "assumed_formulas": {
    "G1": "1 + x + x^3 + x^4 + x^13",
    "G2": "1 + x + x^2 + x^3 + x^4 + x^5 + x^6 + x^7 + x^8 + x^9 + x^10 + x^11 + x^13",
    "P_i_pm1": "P_i(t) = X_1(t) X_2(t - i T_c)",
    "P_i_binary": "P_i(t) = X_1(t) xor X_2(t - i T_c)"
  },
  "initial_register_states": {
    "registers1": [
      1,
      1,
      0,
      1,
      1,
      0,
      1,
      1,
      0,
      1,
      1,
      0,
      0
    ],
    "registers2_family": {
      "C1": [
        0,
        1,
        1,
        1,
        1,
        1,
        1,
        1,
        1,
        1,
        1,
        1,
        0
      ],
      "C2": [
        1,
        1,
        1,
        1,
        1,
        1,
        1,
        1,
        1,
        1,
        1,
        1,
        0
      ],
      "C3": [
        0,
        0,
        1,
        1,
        1,
        1,
        1,
        1,
        1,
        1,
        1,
        1,
        0
      ],
      "C4": [
        0,
        0,
        0,
        0,
        1,
        1,
        1,
        1,
        1,
        1,
        1,
        1,
        0
      ],
      "C5": [
        1,
        0,
        0,
        0,
        1,
        1,
        1,
        1,
        1,
        1,
        1,
        1,
        0
      ],
      "C6": [
        1,
        1,
        1,
        0,
        1,
        1,
        1,
        1,
        1,
        1,
        1,
        1,
        0
      ],
      "C7": [
        1,
        0,
        0,
        0,
        1,
        1,
        1,
        1,
        1,
        1,
        0,
        0,
        0
      ],
      "C8": [
        1,
        0,
        0,
        0,
        1,
        1,
        1,
        1,
        1,
        0,
        1,
        1,
        0
      ],
      "C9": [
        1,
        0,
        0,
        0,
        0,
        1,
        1,
        1,
        1,
        0,
        1,
        1,
        0
      ],
      "C10": [
        1,
        0,
        0,
        0,
        0,
        1,
        1,
        0,
        1,
        0,
        1,
        1,
        0
      ]
    }
  },
  "sequence_stats": {
    "x1_full": {
      "name": "x1_full",
      "length": 8191,
      "ones": 4096,
      "zeros": 4095
    },
    "x1_truncated": {
      "name": "x1_truncated",
      "length": 8184,
      "ones": 4093,
      "zeros": 4091
    },
    "code_family": {
      "C1": {
        "registers2": [
          0,
          1,
          1,
          1,
          1,
          1,
          1,
          1,
          1,
          1,
          1,
          1,
          0
        ],
        "x2_full": {
          "name": "C1_x2_full",
          "length": 8191,
          "ones": 4096,
          "zeros": 4095
        },
        "x2_truncated": {
          "name": "C1_x2_truncated",
          "length": 8185,
          "ones": 4092,
          "zeros": 4093
        },
        "one_second_code": {
          "name": "C1_one_second",
          "length": 8184000,
          "ones": 4092420,
          "zeros": 4091580
        },
        "bipolar_mean": -0.00010263929289067164
      },
      "C2": {
        "registers2": [
          1,
          1,
          1,
          1,
          1,
          1,
          1,
          1,
          1,
          1,
          1,
          1,
          0
        ],
        "x2_full": {
          "name": "C2_x2_full",
          "length": 8191,
          "ones": 4096,
          "zeros": 4095
        },
        "x2_truncated": {
          "name": "C2_x2_truncated",
          "length": 8185,
          "ones": 4091,
          "zeros": 4094
        },
        "one_second_code": {
          "name": "C2_one_second",
          "length": 8184000,
          "ones": 4092411,
          "zeros": 4091589
        },
        "bipolar_mean": -0.0001004398800432682
      },
      "C3": {
        "registers2": [
          0,
          0,
          1,
          1,
          1,
          1,
          1,
          1,
          1,
          1,
          1,
          1,
          0
        ],
        "x2_full": {
          "name": "C3_x2_full",
          "length": 8191,
          "ones": 4096,
          "zeros": 4095
        },
        "x2_truncated": {
          "name": "C3_x2_truncated",
          "length": 8185,
          "ones": 4091,
          "zeros": 4094
        },
        "one_second_code": {
          "name": "C3_one_second",
          "length": 8184000,
          "ones": 4090603,
          "zeros": 4093397
        },
        "bipolar_mean": 0.0003413978556636721
      },
      "C4": {
        "registers2": [
          0,
          0,
          0,
          0,
          1,
          1,
          1,
          1,
          1,
          1,
          1,
          1,
          0
        ],
        "x2_full": {
          "name": "C4_x2_full",
          "length": 8191,
          "ones": 4096,
          "zeros": 4095
        },
        "x2_truncated": {
          "name": "C4_x2_truncated",
          "length": 8185,
          "ones": 4091,
          "zeros": 4094
        },
        "one_second_code": {
          "name": "C4_one_second",
          "length": 8184000,
          "ones": 4093624,
          "zeros": 4090376
        },
        "bipolar_mean": -0.0003968719393014908
      },
      "C5": {
        "registers2": [
          1,
          0,
          0,
          0,
          1,
          1,
          1,
          1,
          1,
          1,
          1,
          1,
          0
        ],
        "x2_full": {
          "name": "C5_x2_full",
          "length": 8191,
          "ones": 4096,
          "zeros": 4095
        },
        "x2_truncated": {
          "name": "C5_x2_truncated",
          "length": 8185,
          "ones": 4092,
          "zeros": 4093
        },
        "one_second_code": {
          "name": "C5_one_second",
          "length": 8184000,
          "ones": 4092853,
          "zeros": 4091147
        },
        "bipolar_mean": -0.00020845551625825465
      },
      "C6": {
        "registers2": [
          1,
          1,
          1,
          0,
          1,
          1,
          1,
          1,
          1,
          1,
          1,
          1,
          0
        ],
        "x2_full": {
          "name": "C6_x2_full",
          "length": 8191,
          "ones": 4096,
          "zeros": 4095
        },
        "x2_truncated": {
          "name": "C6_x2_truncated",
          "length": 8185,
          "ones": 4092,
          "zeros": 4093
        },
        "one_second_code": {
          "name": "C6_one_second",
          "length": 8184000,
          "ones": 4090621,
          "zeros": 4093379
        },
        "bipolar_mean": 0.00033699901541695
      },
      "C7": {
        "registers2": [
          1,
          0,
          0,
          0,
          1,
          1,
          1,
          1,
          1,
          1,
          0,
          0,
          0
        ],
        "x2_full": {
          "name": "C7_x2_full",
          "length": 8191,
          "ones": 4096,
          "zeros": 4095
        },
        "x2_truncated": {
          "name": "C7_x2_truncated",
          "length": 8185,
          "ones": 4092,
          "zeros": 4093
        },
        "one_second_code": {
          "name": "C7_one_second",
          "length": 8184000,
          "ones": 4091718,
          "zeros": 4092282
        },
        "bipolar_mean": 6.891495286254212e-05
      },
      "C8": {
        "registers2": [
          1,
          0,
          0,
          0,
          1,
          1,
          1,
          1,
          1,
          0,
          1,
          1,
          0
        ],
        "x2_full": {
          "name": "C8_x2_full",
          "length": 8191,
          "ones": 4096,
          "zeros": 4095
        },
        "x2_truncated": {
          "name": "C8_x2_truncated",
          "length": 8185,
          "ones": 4094,
          "zeros": 4091
        },
        "one_second_code": {
          "name": "C8_one_second",
          "length": 8184000,
          "ones": 4091156,
          "zeros": 4092844
        },
        "bipolar_mean": 0.00020625611068680882
      },
      "C9": {
        "registers2": [
          1,
          0,
          0,
          0,
          0,
          1,
          1,
          1,
          1,
          0,
          1,
          1,
          0
        ],
        "x2_full": {
          "name": "C9_x2_full",
          "length": 8191,
          "ones": 4096,
          "zeros": 4095
        },
        "x2_truncated": {
          "name": "C9_x2_truncated",
          "length": 8185,
          "ones": 4095,
          "zeros": 4090
        },
        "one_second_code": {
          "name": "C9_one_second",
          "length": 8184000,
          "ones": 4091797,
          "zeros": 4092203
        },
        "bipolar_mean": 4.960899241268635e-05
      },
      "C10": {
        "registers2": [
          1,
          0,
          0,
          0,
          0,
          1,
          1,
          0,
          1,
          0,
          1,
          1,
          0
        ],
        "x2_full": {
          "name": "C10_x2_full",
          "length": 8191,
          "ones": 4096,
          "zeros": 4095
        },
        "x2_truncated": {
          "name": "C10_x2_truncated",
          "length": 8185,
          "ones": 4094,
          "zeros": 4091
        },
        "one_second_code": {
          "name": "C10_one_second",
          "length": 8184000,
          "ones": 4092220,
          "zeros": 4091780
        },
        "bipolar_mean": -5.376344051910564e-05
      }
    }
  },
  "periods": {
    "full_m_sequence_chips": 8191,
    "x1_truncated_chips": 8184,
    "x2_truncated_chips": 8185,
    "short_p_period_chips": 66986040,
    "short_p_period_seconds": 8.185,
    "one_second_short_p_chips": 8184000
  },
  "preferred_pair_crosscorr": {
    "unnormalized_levels": [
      -129,
      -1,
      127
    ],
    "normalized_levels": [
      -0.015748992796972287,
      -0.00012208521548040532,
      0.015504822366011476
    ],
    "counts": {
      "-129": 2016,
      "-1": 4095,
      "127": 2080
    },
    "expected_levels": [
      -0.015748992796972287,
      -0.00012208521548040532,
      0.015504822366011476
    ]
  },
  "one_second_correlation": {
    "autocorrelation": {
      "code": "C1",
      "peak": 0.9999999403953552,
      "max_abs_sidelobe": 0.006721407175064087,
      "rms_sidelobe": 0.00033136646379716694
    },
    "crosscorrelation": {
      "representative_pair": {
        "pair": [
          "C1",
          "C2"
        ],
        "max_abs": 0.9848619103431702,
        "zero_lag": -0.0006107038352638483,
        "rms": 0.00047784848720766604
      },
      "worst_search_pair": {
        "pair": [
          "C1",
          "C2"
        ],
        "max_abs": 0.9848619103431702,
        "zero_lag": -0.0006107038352638483,
        "rms": 0.00047784848720766604
      },
      "worst_zero_lag_pair": {
        "pair": [
          "C2",
          "C3"
        ],
        "max_abs": 0.011873411014676094,
        "zero_lag": -0.0008548387559130788,
        "rms": 0.00033527545747347176
      },
      "mean_pair_max_abs": 0.1649371366120047,
      "mean_pair_abs_zero_lag": 0.00039310848579690274,
      "mean_pair_rms": 0.00035495958096968633,
      "pair_count": 45,
      "all_pairs": [
        {
          "pair": [
            "C1",
            "C2"
          ],
          "max_abs": 0.9848619103431702,
          "zero_lag": -0.0006107038352638483,
          "rms": 0.00047784848720766604
        },
        {
          "pair": [
            "C3",
            "C6"
          ],
          "max_abs": 0.9846290349960327,
          "zero_lag": -0.0006148581742309034,
          "rms": 0.0004782549221999943
        },
        {
          "pair": [
            "C3",
            "C8"
          ],
          "max_abs": 0.8568506240844727,
          "zero_lag": -0.0001282990851905197,
          "rms": 0.0004474093730095774
        },
        {
          "pair": [
            "C6",
            "C8"
          ],
          "max_abs": 0.8417973518371582,
          "zero_lag": 0.00012341156252659857,
          "rms": 0.00044390742550604045
        },
        {
          "pair": [
            "C6",
            "C7"
          ],
          "max_abs": 0.6722124218940735,
          "zero_lag": -0.00036583581822924316,
          "rms": 0.0004076596233062446
        },
        {
          "pair": [
            "C3",
            "C7"
          ],
          "max_abs": 0.6579899787902832,
          "zero_lag": -0.000613636162597686,
          "rms": 0.00040489601087756455
        },
        {
          "pair": [
            "C4",
            "C5"
          ],
          "max_abs": 0.636192798614502,
          "zero_lag": -0.0006107037770561874,
          "rms": 0.00040039842133410275
        },
        {
          "pair": [
            "C7",
            "C8"
          ],
          "max_abs": 0.5244560241699219,
          "zero_lag": -0.0003641248622443527,
          "rms": 0.00038079076330177486
        },
        {
          "pair": [
            "C9",
            "C10"
          ],
          "max_abs": 0.37676218152046204,
          "zero_lag": -0.0001214564690599218,
          "rms": 0.00035856617614626884
        },
        {
          "pair": [
            "C2",
            "C7"
          ],
          "max_abs": 0.2275080531835556,
          "zero_lag": -0.000607771216891706,
          "rms": 0.0003435663238633424
        },
        {
          "pair": [
            "C1",
            "C7"
          ],
          "max_abs": 0.21427710354328156,
          "zero_lag": -0.00036510269274003804,
          "rms": 0.00034261008840985596
        },
        {
          "pair": [
            "C3",
            "C5"
          ],
          "max_abs": 0.014606059528887272,
          "zero_lag": -0.0006070382078178227,
          "rms": 0.00033885904122143984
        },
        {
          "pair": [
            "C5",
            "C6"
          ],
          "max_abs": 0.014430596493184566,
          "zero_lag": -0.000854838581290096,
          "rms": 0.00033886844175867736
        },
        {
          "pair": [
            "C4",
            "C7"
          ],
          "max_abs": 0.014282013289630413,
          "zero_lag": -0.0006129031535238028,
          "rms": 0.0003388756013009697
        },
        {
          "pair": [
            "C1",
            "C4"
          ],
          "max_abs": 0.014087977819144726,
          "zero_lag": -0.0006153468857519329,
          "rms": 0.00033819119562394917
        },
        {
          "pair": [
            "C7",
            "C10"
          ],
          "max_abs": 0.01387487817555666,
          "zero_lag": -0.0003631475265137851,
          "rms": 0.00033900426933541894
        },
        {
          "pair": [
            "C2",
            "C4"
          ],
          "max_abs": 0.013860948383808136,
          "zero_lag": -0.0008541056304238737,
          "rms": 0.0003382262075319886
        },
        {
          "pair": [
            "C2",
            "C10"
          ],
          "max_abs": 0.013760752975940704,
          "zero_lag": -0.00012341148976702243,
          "rms": 0.00033913247170858085
        },
        {
          "pair": [
            "C6",
            "C9"
          ],
          "max_abs": 0.013750243000686169,
          "zero_lag": -0.00012023461022181436,
          "rms": 0.0003382616851013154
        },
        {
          "pair": [
            "C2",
            "C9"
          ],
          "max_abs": 0.013686216436326504,
          "zero_lag": 0.00012414473167154938,
          "rms": 0.00033899114350788295
        },
        {
          "pair": [
            "C1",
            "C10"
          ],
          "max_abs": 0.013604594394564629,
          "zero_lag": 0.00012316716311033815,
          "rms": 0.0003390814526937902
        },
        {
          "pair": [
            "C3",
            "C4"
          ],
          "max_abs": 0.013567203655838966,
          "zero_lag": -0.0008545942837372422,
          "rms": 0.00033892091596499085
        },
        {
          "pair": [
            "C3",
            "C9"
          ],
          "max_abs": 0.013542032800614834,
          "zero_lag": 0.00011681330943247303,
          "rms": 0.0003382415743544698
        },
        {
          "pair": [
            "C5",
            "C8"
          ],
          "max_abs": 0.013510019518435001,
          "zero_lag": 0.00011803525558207184,
          "rms": 0.0003389541816432029
        },
        {
          "pair": [
            "C4",
            "C6"
          ],
          "max_abs": 0.013457720167934895,
          "zero_lag": -0.0006097264122217894,
          "rms": 0.0003389050252735615
        },
        {
          "pair": [
            "C6",
            "C10"
          ],
          "max_abs": 0.013456744141876698,
          "zero_lag": 0.0001160801766673103,
          "rms": 0.00033870444167405367
        },
        {
          "pair": [
            "C1",
            "C9"
          ],
          "max_abs": 0.013382941484451294,
          "zero_lag": -0.00012829912884626538,
          "rms": 0.0003390226047486067
        },
        {
          "pair": [
            "C7",
            "C9"
          ],
          "max_abs": 0.013362902216613293,
          "zero_lag": -0.00011803515371866524,
          "rms": 0.0003386226890143007
        },
        {
          "pair": [
            "C4",
            "C9"
          ],
          "max_abs": 0.013279813341796398,
          "zero_lag": 0.00011950144835282117,
          "rms": 0.0003371526545379311
        },
        {
          "pair": [
            "C3",
            "C10"
          ],
          "max_abs": 0.013278349302709103,
          "zero_lag": -0.00011999026901321486,
          "rms": 0.0003387252800166607
        },
        {
          "pair": [
            "C5",
            "C9"
          ],
          "max_abs": 0.01309970673173666,
          "zero_lag": -0.00012316720676608384,
          "rms": 0.00033764730324037373
        },
        {
          "pair": [
            "C2",
            "C5"
          ],
          "max_abs": 0.013040565885603428,
          "zero_lag": -0.0006153469439595938,
          "rms": 0.00033774564508348703
        },
        {
          "pair": [
            "C8",
            "C9"
          ],
          "max_abs": 0.013015884906053543,
          "zero_lag": -0.0006116813747212291,
          "rms": 0.00033812382025644183
        },
        {
          "pair": [
            "C1",
            "C5"
          ],
          "max_abs": 0.012877565808594227,
          "zero_lag": -0.0008541055140085518,
          "rms": 0.0003376675012987107
        },
        {
          "pair": [
            "C4",
            "C8"
          ],
          "max_abs": 0.012841153889894485,
          "zero_lag": -0.0001221896818606183,
          "rms": 0.00033886448363773525
        },
        {
          "pair": [
            "C8",
            "C10"
          ],
          "max_abs": 0.01264956034719944,
          "zero_lag": -0.00036461386480368674,
          "rms": 0.0003386220778338611
        },
        {
          "pair": [
            "C5",
            "C10"
          ],
          "max_abs": 0.01208382099866867,
          "zero_lag": 0.0001170576288131997,
          "rms": 0.00033681109198369086
        },
        {
          "pair": [
            "C5",
            "C7"
          ],
          "max_abs": 0.012049607932567596,
          "zero_lag": -0.00036534699029289186,
          "rms": 0.0003384771407581866
        },
        {
          "pair": [
            "C1",
            "C3"
          ],
          "max_abs": 0.011943059042096138,
          "zero_lag": -0.0006082600448280573,
          "rms": 0.0003352835192345083
        },
        {
          "pair": [
            "C2",
            "C3"
          ],
          "max_abs": 0.011873411014676094,
          "zero_lag": -0.0008548387559130788,
          "rms": 0.00033527545747347176
        },
        {
          "pair": [
            "C1",
            "C8"
          ],
          "max_abs": 0.011831867508590221,
          "zero_lag": 0.00012023456656606868,
          "rms": 0.00033566425554454327
        },
        {
          "pair": [
            "C1",
            "C6"
          ],
          "max_abs": 0.011804251931607723,
          "zero_lag": -0.0008536166860722005,
          "rms": 0.000335290766088292
        },
        {
          "pair": [
            "C2",
            "C8"
          ],
          "max_abs": 0.011704545468091965,
          "zero_lag": -0.00011705771612469107,
          "rms": 0.00033562889439053833
        },
        {
          "pair": [
            "C2",
            "C6"
          ],
          "max_abs": 0.011670088395476341,
          "zero_lag": -0.0006124143837951124,
          "rms": 0.0003352790081407875
        },
        {
          "pair": [
            "C4",
            "C10"
          ],
          "max_abs": 0.011366567574441433,
          "zero_lag": -0.00012463342864066362,
          "rms": 0.00033615168649703264
        }
      ]
    },
    "search_max_matrix": [
      [
        1.0,
        0.9848619103431702,
        0.011943059042096138,
        0.014087977819144726,
        0.012877565808594227,
        0.011804251931607723,
        0.21427710354328156,
        0.011831867508590221,
        0.013382941484451294,
        0.013604594394564629
      ],
      [
        0.9848619103431702,
        1.0,
        0.011873411014676094,
        0.013860948383808136,
        0.013040565885603428,
        0.011670088395476341,
        0.2275080531835556,
        0.011704545468091965,
        0.013686216436326504,
        0.013760752975940704
      ],
      [
        0.011943059042096138,
        0.011873411014676094,
        1.0,
        0.013567203655838966,
        0.014606059528887272,
        0.9846290349960327,
        0.6579899787902832,
        0.8568506240844727,
        0.013542032800614834,
        0.013278349302709103
      ],
      [
        0.014087977819144726,
        0.013860948383808136,
        0.013567203655838966,
        1.0,
        0.636192798614502,
        0.013457720167934895,
        0.014282013289630413,
        0.012841153889894485,
        0.013279813341796398,
        0.011366567574441433
      ],
      [
        0.012877565808594227,
        0.013040565885603428,
        0.014606059528887272,
        0.636192798614502,
        1.0,
        0.014430596493184566,
        0.012049607932567596,
        0.013510019518435001,
        0.01309970673173666,
        0.01208382099866867
      ],
      [
        0.011804251931607723,
        0.011670088395476341,
        0.9846290349960327,
        0.013457720167934895,
        0.014430596493184566,
        1.0,
        0.6722124218940735,
        0.8417973518371582,
        0.013750243000686169,
        0.013456744141876698
      ],
      [
        0.21427710354328156,
        0.2275080531835556,
        0.6579899787902832,
        0.014282013289630413,
        0.012049607932567596,
        0.6722124218940735,
        1.0,
        0.5244560241699219,
        0.013362902216613293,
        0.01387487817555666
      ],
      [
        0.011831867508590221,
        0.011704545468091965,
        0.8568506240844727,
        0.012841153889894485,
        0.013510019518435001,
        0.8417973518371582,
        0.5244560241699219,
        1.0,
        0.013015884906053543,
        0.01264956034719944
      ],
      [
        0.013382941484451294,
        0.013686216436326504,
        0.013542032800614834,
        0.013279813341796398,
        0.01309970673173666,
        0.013750243000686169,
        0.013362902216613293,
        0.013015884906053543,
        1.0,
        0.37676218152046204
      ],
      [
        0.013604594394564629,
        0.013760752975940704,
        0.013278349302709103,
        0.011366567574441433,
        0.01208382099866867,
        0.013456744141876698,
        0.01387487817555666,
        0.01264956034719944,
        0.37676218152046204,
        1.0
      ]
    ],
    "zero_lag_abs_matrix": [
      [
        1.0,
        0.0006107038352638483,
        0.0006082600448280573,
        0.0006153468857519329,
        0.0008541055140085518,
        0.0008536166860722005,
        0.00036510269274003804,
        0.00012023456656606868,
        0.00012829912884626538,
        0.00012316716311033815
      ],
      [
        0.0006107038352638483,
        1.0,
        0.0008548387559130788,
        0.0008541056304238737,
        0.0006153469439595938,
        0.0006124143837951124,
        0.000607771216891706,
        0.00011705771612469107,
        0.00012414473167154938,
        0.00012341148976702243
      ],
      [
        0.0006082600448280573,
        0.0008548387559130788,
        1.0,
        0.0008545942837372422,
        0.0006070382078178227,
        0.0006148581742309034,
        0.000613636162597686,
        0.0001282990851905197,
        0.00011681330943247303,
        0.00011999026901321486
      ],
      [
        0.0006153468857519329,
        0.0008541056304238737,
        0.0008545942837372422,
        1.0,
        0.0006107037770561874,
        0.0006097264122217894,
        0.0006129031535238028,
        0.0001221896818606183,
        0.00011950144835282117,
        0.00012463342864066362
      ],
      [
        0.0008541055140085518,
        0.0006153469439595938,
        0.0006070382078178227,
        0.0006107037770561874,
        1.0,
        0.000854838581290096,
        0.00036534699029289186,
        0.00011803525558207184,
        0.00012316720676608384,
        0.0001170576288131997
      ],
      [
        0.0008536166860722005,
        0.0006124143837951124,
        0.0006148581742309034,
        0.0006097264122217894,
        0.000854838581290096,
        1.0,
        0.00036583581822924316,
        0.00012341156252659857,
        0.00012023461022181436,
        0.0001160801766673103
      ],
      [
        0.00036510269274003804,
        0.000607771216891706,
        0.000613636162597686,
        0.0006129031535238028,
        0.00036534699029289186,
        0.00036583581822924316,
        1.0,
        0.0003641248622443527,
        0.00011803515371866524,
        0.0003631475265137851
      ],
      [
        0.00012023456656606868,
        0.00011705771612469107,
        0.0001282990851905197,
        0.0001221896818606183,
        0.00011803525558207184,
        0.00012341156252659857,
        0.0003641248622443527,
        1.0,
        0.0006116813747212291,
        0.00036461386480368674
      ],
      [
        0.00012829912884626538,
        0.00012414473167154938,
        0.00011681330943247303,
        0.00011950144835282117,
        0.00012316720676608384,
        0.00012023461022181436,
        0.00011803515371866524,
        0.0006116813747212291,
        1.0,
        0.0001214564690599218
      ],
      [
        0.00012316716311033815,
        0.00012341148976702243,
        0.00011999026901321486,
        0.00012463342864066362,
        0.0001170576288131997,
        0.0001160801766673103,
        0.0003631475265137851,
        0.00036461386480368674,
        0.0001214564690599218,
        1.0
      ]
    ]
  },
  "artifacts": {
    "first_chip_plot": "output\\first_128_chips.png",
    "preferred_pair_plot": "output\\preferred_pair_crosscorr.png",
    "one_second_autocorr_plot": "output\\one_second_autocorr.png",
    "one_second_crosscorr_heatmap": "output\\one_second_crosscorr_heatmap.png",
    "one_second_crosscorr_example": "output\\one_second_crosscorr_example.png"
  }
}